Cross Check Experiment
Map:Empty
TrailType: Simple Trail Useful
starting cross check
Settings: 0.0, 1.0, 0.0, 36.0, 28.0, 35.0, 
904.2117884230379
388.3129442087799
382.3833693242863
372.93859078955455
378.6244584051391
372.93859078955455
369.93859078955455
369.6244584051391
369.7851124331957
370.34395889921433
370.34395889921433
363.6244584051391
371.21178842303783
370.52330261939693
362.6244584051391
369.7216320765381
372.99077752051954
362.7216320765381
368.6244584051391
363.28512995023885
0.0, 1.0, 0.0, 36.0, 28.0, 35.0, 397.73867296241787
Settings: 1.0, 1.0, 0.0, 78.0, 21.0, 0.0, 
372.39698843827784
368.9975187980385
364.9811013794477
364.083124848105
376.33368904474133
364.28636692805753
368.7027848186469
365.07196780978865
372.1160808010741
366.02105184037833
369.12440389633707
371.69685980278354
366.0128710709359
371.3135546121647
365.26490491358044
383.917115888235
362.6244584051391
368.93859078955455
362.0209184041033
369.8513200782384
1.0, 1.0, 0.0, 78.0, 21.0, 0.0, 368.6877836283814
Settings: 0.0, 1.0, 0.0, 80.0, 5.0, 13.0, 
366.11608080107413
371.46569693883515
362.97099756582344
368.93859078955455
363.4536231014555
369.45362310145555
383.3833693242863
361.97099756582344
367.6244584051391
362.6244584051391
382.11608080107413
362.93859078955455
362.7216320765381
366.1160808010741
372.46261996175843
363.45362310145555
364.74539414557734
362.6244584051391
362.34395889921433
378.7027848186469
0.0, 1.0, 0.0, 80.0, 5.0, 13.0, 367.811355989931
Settings: 0.0, 1.0, 0.0, 60.0, 39.0, 0.0, 
365.11608080107413
364.4648946396525
377.6244584051391
361.6244584051391
360.93859078955455
361.93859078955455
363.46569693883515
365.11608080107413
360.9726536958449
361.93859078955455
380.11608080107413
364.69750170870185
360.6244584051391
361.7851124331957
360.9726536958449
362.55079677285454
360.6244584051391
361.7216320765381
369.7027848186469
371.6244584051391
0.0, 1.0, 0.0, 60.0, 39.0, 0.0, 364.88100167888484
Settings: 1.0, 0.0, 0.0, 54.0, 45.0, 0.0, 
362.45675612234226
365.27609564608645
360.6244584051391
363.21381540688196
362.9398277673731
365.6469206974026
366.11265962113987
364.1028698183615
377.71387414358713
360.6244584051391
363.9023012105229
361.6244584051391
361.80016226213985
362.25502181615343
363.7066399845219
360.6244584051391
361.97099756582344
362.7708885067578
367.9398277673731
361.6244584051391
1.0, 0.0, 0.0, 54.0, 45.0, 0.0, 363.8465475181081
Settings: 0.0, 1.0, 0.0, 47.0, 53.0, 0.0, 
362.96701545148034
361.7027848186469
360.9726536958449
364.21178842303783
360.9385907895545
361.4536231014555
361.6244584051391
362.96701545148034
377.93859078955455
361.6244584051391
363.3833693242863
361.6244584051391
360.93859078955455
360.7216320765381
365.11608080107413
360.97099756582344
365.11608080107413
360.6244584051391
366.6244584051391
364.99077752051954
0.0, 1.0, 0.0, 47.0, 53.0, 0.0, 363.32559417128107
TrailType: Simple Trail Useless
starting cross check
Settings: 5.0, 8.0, 1.0, 21.0, 31.0, 35.0, 
-1.0
-1.0
-1.0
-1.0
-1.0
-1.0
-1.0
-1.0
-1.0
-1.0
-1.0
-1.0
-1.0
-1.0
-1.0
-1.0
-1.0
-1.0
-1.0
-1.0
5.0, 8.0, 1.0, 21.0, 31.0, 35.0, NaN
Settings: 1.0, 14.0, 0.0, 16.0, 39.0, 30.0, 
-1.0
-1.0
-1.0
-1.0
-1.0
-1.0
-1.0
-1.0
-1.0
-1.0
-1.0
-1.0
-1.0
-1.0
-1.0
-1.0
-1.0
-1.0
-1.0
-1.0
1.0, 14.0, 0.0, 16.0, 39.0, 30.0, NaN
Settings: 0.0, 14.0, 1.0, 22.0, 40.0, 24.0, 
-1.0
-1.0
-1.0
-1.0
-1.0
-1.0
-1.0
-1.0
-1.0
-1.0
-1.0
-1.0
-1.0
-1.0
-1.0
-1.0
-1.0
-1.0
-1.0
-1.0
0.0, 14.0, 1.0, 22.0, 40.0, 24.0, NaN
Settings: 0.0, 13.0, 0.0, 20.0, 27.0, 40.0, 
-1.0
-1.0
-1.0
-1.0
-1.0
-1.0
-1.0
-1.0
-1.0
-1.0
-1.0
-1.0
-1.0
-1.0
-1.0
-1.0
-1.0
-1.0
-1.0
-1.0
0.0, 13.0, 0.0, 20.0, 27.0, 40.0, NaN
Settings: 3.0, 16.0, 9.0, 36.0, 34.0, 2.0, 
556.0219795840524
546.1468112882294
546.8209497384762
562.5909468053363
536.0557852612534
570.4456698630349
532.456141895449
554.4338685864553
543.8951674349423
-1.0
539.6645215311155
548.5536718138774
535.6634625679526
537.9505908759439
559.3561680569069
-1.0
548.463838365722
-1.0
557.8297738814065
554.0148372743527
3.0, 16.0, 9.0, 36.0, 34.0, 2.0, 548.8449520485004
Settings: 1.0, 19.0, 2.0, 27.0, 52.0, 0.0, 
476.8252102377119
481.40685407779904
486.9053693615753
488.6418979822467
475.1917486492495
486.18729206710765
484.7712049808131
468.87947301993955
468.9029159321087
477.90780217929677
485.9778456717596
-1.0
481.9780204758392
495.7358177572171
-1.0
469.80872696762515
473.67990721479686
485.63788045882427
449.09741861449567
486.23679487288223
1.0, 19.0, 2.0, 27.0, 52.0, 0.0, 479.0984544734049
TrailType: Random Trail Useful
starting cross check
Settings: 6.0, 0.0, 0.0, 28.0, 33.0, 33.0, 
572.3541734294768
566.491113036157
581.6921717752028
598.6890560937057
563.2727176231423
563.9056989484629
550.8352464628541
559.0912001479991
580.0012251268286
587.7866312399417
569.9133437647379
605.0706324314363
569.0780744240593
576.0887780752863
569.0758021468693
581.1818708687367
548.4126507571652
590.5903019969858
542.8828368194805
573.7877975557107
6.0, 0.0, 0.0, 28.0, 33.0, 33.0, 572.5100661362121
Settings: 1.0, 2.0, 2.0, 29.0, 52.0, 14.0, 
582.7970401072425
574.6477378390081
600.5731764607859
549.6971474849297
563.2105229812925
569.0489049848883
572.2765105928875
541.1551719239818
558.2907581796949
593.3508351844255
538.3486994848445
572.3262373287998
592.4013856563761
562.9794306362749
575.2117224322542
570.4712749853871
573.6129494964914
569.9529425100716
557.7964877662167
556.4825434215101
1.0, 2.0, 2.0, 29.0, 52.0, 14.0, 568.7315739728682
Settings: 2.0, 14.0, 0.0, 32.0, 52.0, 0.0, 
490.70728151396145
491.08015805972553
522.1576684504903
489.5322859566124
498.21111901853635
517.4044387310169
468.1943159975268
469.9630118938734
483.1761021440753
476.1953889898798
500.6673787541886
482.75915391641286
491.54351943858444
491.20063214677015
500.7030803834411
473.6296010578762
505.12431128499315
505.1037359831723
541.2319135833093
458.5552521832177
2.0, 14.0, 0.0, 32.0, 52.0, 0.0, 492.85701747438316
Settings: 7.0, 1.0, 0.0, 27.0, 27.0, 39.0, 
556.245137504186
574.2526381078643
583.5530867778564
559.8044689551874
555.5087341962501
543.4089954184825
569.1055346199485
535.6832077513881
524.4971409038424
564.8648487197253
501.0811768151437
577.2821051093283
564.8788619256472
539.8556218305869
564.8045896540967
534.2247750075766
534.6300085951268
568.6510262887506
573.9525022193641
565.7693545377931
7.0, 1.0, 0.0, 27.0, 27.0, 39.0, 554.6026907469073
Settings: 0.0, 1.0, 0.0, 48.0, 51.0, 0.0, 
592.6957165353041
593.6957165353041
596.3103839119892
596.3103839119892
596.3103839119892
584.946230772357
588.7993727771769
594.0661917569156
597.3103839119892
596.3103839119892
597.3103839119892
596.3103839119892
583.8896380157275
596.3103839119892
596.3103839119892
603.3103839119892
592.5190315793794
593.2252037312749
596.3103839119892
584.5331366884405
0.0, 1.0, 0.0, 48.0, 51.0, 0.0, 593.839223071188
Settings: 11.0, 2.0, 0.0, 50.0, 37.0, 0.0, 
546.7291140471757
527.2601549732236
452.03268532073196
540.3174866069994
534.3014052601528
518.0686134883342
553.4014530928177
571.73790608564
526.1398135967531
511.0746204454144
544.0907268077906
473.5206132865629
481.1091492250651
537.7486532969386
555.9119595108401
467.0877854311478
537.9604003901271
565.8019308572044
516.2812310352195
500.7016730137758
11.0, 2.0, 0.0, 50.0, 37.0, 0.0, 523.063868788596
Map:Single-Gap
TrailType: Simple Trail Useful
starting cross check
Settings: 0.0, 1.0, 0.0, 36.0, 28.0, 35.0, 
599.1210717522481
473.3439588992143
445.0681712372225
386.93859078955455
381.99077752051954
396.1996752166917
433.69767298387205
418.1160808010741
379.7514670175506
375.6244584051391
382.11608080107413
376.3005393301345
368.6244584051391
369.0681712372225
372.09358943628314
374.4033205541527
374.4582886955836
367.3780292673907
371.2921418203898
376.4874444732574
0.0, 1.0, 0.0, 36.0, 28.0, 35.0, 401.1036994321857
Settings: 1.0, 1.0, 0.0, 78.0, 21.0, 0.0, 
370.61544396764697
364.4616957377942
366.6892778627639
366.7027848186469
361.6244584051391
361.7027848186469
367.3299093361964
363.35113382318764
362.03576446095354
362.349896845369
366.62445840513914
361.8188057479372
366.5961826327655
366.6244584051391
362.9531739080846
367.95859388419785
365.46261996175843
369.73775693846557
363.1509971543974
365.0733857556613
1.0, 1.0, 0.0, 78.0, 21.0, 0.0, 365.1431791434946
Settings: 0.0, 1.0, 0.0, 80.0, 5.0, 13.0, 
363.93859078955455
368.64397943876924
370.9398277673732
370.9385907895545
366.3833693242863
373.850894242645
368.7216320765381
375.4664369356331
369.9726536958449
372.6442383598352
369.87499172022143
368.6244584051391
371.7480123336337
375.6493224061905
373.4314501633082
364.0209184041033
372.2160408291221
373.29430608254023
367.4616957377942
372.98823448705247
0.0, 1.0, 0.0, 80.0, 5.0, 13.0, 370.54048219945696
Settings: 0.0, 1.0, 0.0, 60.0, 39.0, 0.0, 
361.9726536958449
366.97099756582344
361.6244584051391
363.96701545148034
361.9726536958449
364.3833693242863
363.4536231014555
364.34395889921433
361.6244584051391
365.52330261939693
362.4536231014555
360.97099756582344
361.7027848186469
361.6244584051391
367.6244584051391
361.6244584051391
361.97099756582344
365.46261996175843
361.6244584051391
362.55079677285454
0.0, 1.0, 0.0, 60.0, 39.0, 0.0, 363.1723072285272
Settings: 1.0, 0.0, 0.0, 54.0, 45.0, 0.0, 
361.6244584051391
361.9385907895545
360.7216320765381
362.83686476998184
364.2431415609366
365.1160808010741
363.66602946629826
368.523302619397
364.0706343172629
364.72163207653807
367.19962419362605
364.15223413221594
370.1860221187225
360.6244584051391
362.349896845369
362.4567561223423
362.83686476998184
363.52330261939693
363.0937386080672
366.4314501633082
1.0, 0.0, 0.0, 54.0, 45.0, 0.0, 364.0158357430445
Settings: 0.0, 1.0, 0.0, 47.0, 53.0, 0.0, 
361.62445840513914
360.6244584051391
364.21178842303783
361.7027848186469
360.6244584051391
362.3129442087799
361.6244584051391
366.7027848186469
364.3833693242863
361.9726536958449
361.6244584051391
361.93859078955455
366.6244584051391
361.6244584051391
361.93859078955455
360.7027848186469
366.6244584051391
361.7216320765381
361.7216320765381
364.3833693242863
0.0, 1.0, 0.0, 47.0, 53.0, 0.0, 362.7344296202738
TrailType: Simple Trail Useless
starting cross check
Settings: 5.0, 8.0, 1.0, 21.0, 31.0, 35.0, 
-1.0
-1.0
-1.0
-1.0
-1.0
-1.0
-1.0
-1.0
-1.0
-1.0
-1.0
-1.0
-1.0
-1.0
-1.0
-1.0
-1.0
-1.0
-1.0
-1.0
5.0, 8.0, 1.0, 21.0, 31.0, 35.0, NaN
Settings: 1.0, 14.0, 0.0, 16.0, 39.0, 30.0, 
-1.0
-1.0
-1.0
-1.0
-1.0
-1.0
-1.0
-1.0
-1.0
-1.0
-1.0
-1.0
-1.0
-1.0
-1.0
-1.0
-1.0
-1.0
-1.0
-1.0
1.0, 14.0, 0.0, 16.0, 39.0, 30.0, NaN
Settings: 0.0, 14.0, 1.0, 22.0, 40.0, 24.0, 
-1.0
-1.0
-1.0
-1.0
-1.0
-1.0
-1.0
-1.0
-1.0
-1.0
-1.0
-1.0
-1.0
-1.0
-1.0
-1.0
-1.0
-1.0
-1.0
-1.0
0.0, 14.0, 1.0, 22.0, 40.0, 24.0, NaN
Settings: 0.0, 13.0, 0.0, 20.0, 27.0, 40.0, 
-1.0
-1.0
-1.0
-1.0
-1.0
-1.0
-1.0
-1.0
-1.0
-1.0
-1.0
-1.0
-1.0
-1.0
-1.0
-1.0
-1.0
-1.0
-1.0
-1.0
0.0, 13.0, 0.0, 20.0, 27.0, 40.0, NaN
Settings: 3.0, 16.0, 9.0, 36.0, 34.0, 2.0, 
650.2783520664766
584.4928504082553
611.4491234106042
526.8352321172838
-1.0
610.2761014359596
612.1493793710162
-1.0
587.0780924093085
593.1581450775298
588.6009400839646
652.9856328722915
-1.0
644.3420671549758
-1.0
-1.0
624.4541797055771
597.4789344036502
592.374552749779
598.5578888538687
3.0, 16.0, 9.0, 36.0, 34.0, 2.0, 604.9674314747028
Settings: 1.0, 19.0, 2.0, 27.0, 52.0, 0.0, 
496.3829057978928
494.8709011762714
491.99495959436
-1.0
-1.0
-1.0
-1.0
468.7889798236398
-1.0
509.874790432338
-1.0
-1.0
488.31261591902813
-1.0
-1.0
-1.0
535.9927985027703
536.5010692193116
-1.0
-1.0
1.0, 19.0, 2.0, 27.0, 52.0, 0.0, 502.8398775582016
TrailType: Random Trail Useful
starting cross check
Settings: 6.0, 0.0, 0.0, 28.0, 33.0, 33.0, 
613.5551169737099
550.188995485838
585.2513686937785
539.4126970184882
503.7072284926447
564.6151345562267
559.8272780807141
618.7454675082276
642.761551955393
601.8789679395385
551.1522662392724
600.7793331065699
619.8823642946878
573.6729995292466
576.9962984302615
529.2296156060124
609.6610258442554
614.2537501449493
527.3795183673014
526.2685901077622
6.0, 0.0, 0.0, 28.0, 33.0, 33.0, 575.4609784187439
Settings: 1.0, 2.0, 2.0, 29.0, 52.0, 14.0, 
557.5833715841296
581.7757386806492
639.908858674018
536.4766294041077
490.642333841176
554.8717399897896
527.2067887132825
540.7467445739096
613.8098674550657
548.3380124523701
619.2029445237051
562.5024857003127
513.9642939093537
543.3615697850457
524.5706959315924
595.8583097231468
527.5901910190305
603.9989026085301
516.6167719041418
522.9090850187976
1.0, 2.0, 2.0, 29.0, 52.0, 14.0, 556.0967667746078
Settings: 2.0, 14.0, 0.0, 32.0, 52.0, 0.0, 
486.4953232098913
504.66720868648974
473.49880458948
527.7159654154941
488.6071934411634
478.6276836559084
500.46800219134883
622.4978315445824
507.55428226512333
468.3753723813246
536.0110706999328
460.910572875335
433.319373929058
445.7574645402173
535.2470559767903
489.3170753266958
479.42845875479196
476.5270096626868
449.3709122113282
495.4086957584823
2.0, 14.0, 0.0, 32.0, 52.0, 0.0, 492.9902678558063
Settings: 7.0, 1.0, 0.0, 27.0, 27.0, 39.0, 
540.6581396635025
491.0493650827895
539.9379462441948
563.2440921983368
589.5307359615193
508.2241309067794
522.1338648879516
528.6502809033727
524.834408181804
544.4487732248984
580.4413976965707
501.7146588042151
585.0344064779537
600.0469692018659
518.7719761473033
474.73324982460207
566.3810986292634
529.5782109407919
540.771193720052
523.2225039624192
7.0, 1.0, 0.0, 27.0, 27.0, 39.0, 538.6703701330093
Settings: 0.0, 1.0, 0.0, 48.0, 51.0, 0.0, 
637.856302633127
632.856302633127
614.172934628341
627.4562208829892
633.856302633127
632.856302633127
589.5720314222563
555.8243778242545
625.3677498478177
632.856302633127
637.856302633127
613.3741123937372
632.856302633127
627.4562208829892
637.5097859473361
635.4414657045575
625.011840261733
633.856302633127
634.5359790545289
636.8441859936377
0.0, 1.0, 0.0, 48.0, 51.0, 0.0, 624.8708662954596
Settings: 11.0, 2.0, 0.0, 50.0, 37.0, 0.0, 
560.1444423115078
451.3644661663004
504.81488552351976
558.9106570602303
505.3740954381869
482.5564268406365
489.11185909492076
502.537445658316
489.8872188180882
500.02617949373246
484.292232121701
512.9472151846226
474.51355446087433
531.0863772991598
550.198851108799
490.7485621455368
458.31892041944724
536.9078928687595
526.3854106813469
492.80180054885983
11.0, 2.0, 0.0, 50.0, 37.0, 0.0, 505.1464246622274
Map:H-Environment
TrailType: Simple Trail Useful
starting cross check
Settings: 0.0, 1.0, 0.0, 36.0, 28.0, 35.0, 
420.7489475806306
430.4560080678354
471.31620442440055
455.6185134250341
456.91059784444445
446.60366544068626
425.4840506825685
432.8403853252382
434.7210910936912
426.1407359769261
428.7261943086176
437.7694487602192
430.21786656975394
429.16652483070965
422.8538896299457
432.754127049204
431.5033741606183
432.3376027661721
434.8884823204847
428.44226590861024
0.0, 1.0, 0.0, 36.0, 28.0, 35.0, 435.4749988082896
Settings: 1.0, 1.0, 0.0, 78.0, 21.0, 0.0, 
421.5509484769863
417.5755330378933
415.94310635927644
415.6606071537947
419.2812799541321
420.567362930771
418.56159526601726
415.9431063592765
418.5337984257816
420.3452377915606
417.27910697014374
414.3452377915606
421.8827322930051
416.2440820058185
417.38324619418955
414.4424114629596
429.93233466279787
418.69096634097815
416.19792634178543
421.9345947933035
1.0, 1.0, 0.0, 78.0, 21.0, 0.0, 418.6147607306016
Settings: 0.0, 1.0, 0.0, 80.0, 5.0, 13.0, 
426.8045994300126
437.1974974706898
427.5938359048909
427.75663990676225
431.24574854698454
428.6900089293944
434.34051852832744
430.50974987244416
431.7914440717797
425.02576381997153
432.90638567902795
429.1381101004604
441.22144017917975
432.3522965336174
423.80464565568565
425.37711236881165
431.34166176919314
430.5300046456127
428.02594241927966
425.3340202210472
0.0, 1.0, 0.0, 80.0, 5.0, 13.0, 430.04937130265864
Settings: 0.0, 1.0, 0.0, 60.0, 39.0, 0.0, 
414.3452377915606
416.55121779518373
416.48467129812906
420.6934330822664
414.3452377915606
414.3452377915606
414.3452377915606
420.3452377915606
415.90418331708776
413.3452377915606
417.584175984122
416.3452377915606
420.3452377915606
418.38351551238696
416.62734141769624
414.3452377915606
420.3452377915606
416.55121779518373
416.2896455199608
414.3452377915606
0.0, 1.0, 0.0, 60.0, 39.0, 0.0, 416.5933508714593
Settings: 1.0, 0.0, 0.0, 54.0, 45.0, 0.0, 
414.3452377915606
423.5918729282266
414.7778136046483
414.6523735809258
414.8217091022322
424.3133314981673
414.3452377915606
416.46620714502893
414.6523735809258
415.5576441564034
419.3452377915606
414.3452377915606
414.3452377915606
416.4467775339109
422.2440820058185
414.42756540610935
413.3452377915606
417.3526190198452
414.69177695224494
420.3452377915606
1.0, 0.0, 0.0, 54.0, 45.0, 0.0, 416.7206405527706
Settings: 0.0, 1.0, 0.0, 47.0, 53.0, 0.0, 
414.3452377915606
419.52618563195415
415.90418331708776
416.62734141769624
419.3452377915606
419.52618563195415
416.93256780945933
416.3110755677214
422.3110755677214
417.62734141769624
413.3452377915606
413.7306999944336
415.5576441564034
425.52618563195415
415.90418331708776
415.06473828563577
414.7306999944336
416.561651889279
416.2440820058185
414.6523735809258
0.0, 1.0, 0.0, 47.0, 53.0, 0.0, 416.98869642959716
TrailType: Simple Trail Useless
starting cross check
Settings: 5.0, 8.0, 1.0, 21.0, 31.0, 35.0, 
-1.0
-1.0
-1.0
-1.0
-1.0
-1.0
-1.0
-1.0
-1.0
-1.0
-1.0
-1.0
-1.0
-1.0
-1.0
-1.0
-1.0
-1.0
-1.0
-1.0
5.0, 8.0, 1.0, 21.0, 31.0, 35.0, NaN
Settings: 1.0, 14.0, 0.0, 16.0, 39.0, 30.0, 
-1.0
-1.0
-1.0
-1.0
-1.0
-1.0
-1.0
-1.0
-1.0
-1.0
486.4331148491185
-1.0
-1.0
-1.0
-1.0
-1.0
-1.0
-1.0
-1.0
-1.0
1.0, 14.0, 0.0, 16.0, 39.0, 30.0, 486.4331148491185
Settings: 0.0, 14.0, 1.0, 22.0, 40.0, 24.0, 
-1.0
-1.0
-1.0
-1.0
-1.0
-1.0
-1.0
-1.0
-1.0
-1.0
-1.0
-1.0
-1.0
-1.0
-1.0
-1.0
-1.0
-1.0
-1.0
-1.0
0.0, 14.0, 1.0, 22.0, 40.0, 24.0, NaN
Settings: 0.0, 13.0, 0.0, 20.0, 27.0, 40.0, 
-1.0
-1.0
-1.0
-1.0
-1.0
-1.0
-1.0
-1.0
-1.0
-1.0
-1.0
-1.0
-1.0
-1.0
-1.0
-1.0
-1.0
-1.0
-1.0
-1.0
0.0, 13.0, 0.0, 20.0, 27.0, 40.0, NaN
Settings: 3.0, 16.0, 9.0, 36.0, 34.0, 2.0, 
-1.0
-1.0
560.765700034912
546.3418753608072
556.8909966773027
551.9917795524511
-1.0
584.6413194101176
593.3318996883646
574.7147901254904
584.2893539744413
572.724917488822
558.971902884999
-1.0
582.1840065410443
-1.0
599.2347343766552
-1.0
548.3350761444729
-1.0
3.0, 16.0, 9.0, 36.0, 34.0, 2.0, 570.33987325076
Settings: 1.0, 19.0, 2.0, 27.0, 52.0, 0.0, 
-1.0
-1.0
-1.0
-1.0
-1.0
-1.0
-1.0
-1.0
-1.0
-1.0
-1.0
-1.0
-1.0
-1.0
-1.0
-1.0
-1.0
-1.0
-1.0
-1.0
1.0, 19.0, 2.0, 27.0, 52.0, 0.0, NaN
TrailType: Random Trail Useful
starting cross check
Settings: 6.0, 0.0, 0.0, 28.0, 33.0, 33.0, 
685.1023776229935
639.3559063189206
667.6843618928049
697.7984373533764
648.9682071332046
651.3819775484617
696.7168962917084
738.6089534796201
729.463070905094
673.5862481876195
640.6754611862555
679.0302150042268
660.4578882088628
674.0915274605602
632.671618527614
661.2924761335345
662.2235279340563
663.4656998857881
645.5399477671709
702.7101093470053
6.0, 0.0, 0.0, 28.0, 33.0, 33.0, 672.5412454094438
Settings: 1.0, 2.0, 2.0, 29.0, 52.0, 14.0, 
579.5585579648714
630.0096671007642
573.3916769764245
619.6542784983916
680.7621329635498
628.3734555361065
701.0877506609658
658.0107255968954
629.2507966930193
646.0674022119204
666.293150207638
633.13885020364
594.4275469478233
673.4676655340352
656.575880997492
696.0379659943061
634.2320511862159
664.0323267527585
627.1956355553867
703.917664555228
1.0, 2.0, 2.0, 29.0, 52.0, 14.0, 644.7742591068717
Settings: 2.0, 14.0, 0.0, 32.0, 52.0, 0.0, 
570.6541497181961
506.51383442041305
509.74858080169156
507.9206026838491
580.3387553476053
526.6247332039748
544.4998946168137
531.4450992903827
496.64623153192485
525.4522336655126
531.4982965620345
517.6742863736529
500.2576100589521
581.4463339787926
525.2348739998523
535.5314601130658
577.5800634754032
504.4493632582117
542.724310518455
504.22005354252406
2.0, 14.0, 0.0, 32.0, 52.0, 0.0, 531.0230383580655
Settings: 7.0, 1.0, 0.0, 27.0, 27.0, 39.0, 
639.7036241201815
633.7205125600769
639.8406740087995
645.5094661006983
668.0140601518015
586.485828689785
502.66152471340877
595.355491759701
646.5537320721678
704.3776786341657
598.7668150217742
696.3458482625424
535.8076652649355
611.357990731885
664.1929724582596
691.6686885733337
567.1200713347208
686.2149155226825
622.2656952751834
706.5768956858217
7.0, 1.0, 0.0, 27.0, 27.0, 39.0, 632.1270075470962
Settings: 0.0, 1.0, 0.0, 48.0, 51.0, 0.0, 
723.8339189079021
701.5855963154318
740.3044712836297
701.0782707112585
741.192495216606
743.042655538474
741.6456802620048
740.3044712836297
746.3044712836297
702.0782707112585
740.3044712836297
740.3044712836297
742.7379991127398
716.8339189079021
736.5833165484471
739.3044712836297
732.3801306331204
746.3044712836297
736.5833165484471
738.0785035953376
0.0, 1.0, 0.0, 48.0, 51.0, 0.0, 732.5392685997169
Settings: 11.0, 2.0, 0.0, 50.0, 37.0, 0.0, 
565.321897994935
617.832283849674
571.4978309707195
503.40522320406563
538.8846462106402
638.6746291695262
631.0315713142109
684.9821114716184
595.435120952703
585.4616441184912
573.3405636101851
534.4087473477236
591.3548657518411
632.2405895959379
562.2386252695387
533.046987350793
571.2961580318846
645.3234290103909
616.0448445059584
610.5460007083365
11.0, 2.0, 0.0, 50.0, 37.0, 0.0, 590.1183885219588
Map:Sparse-Clutter
TrailType: Simple Trail Useful
starting cross check
Settings: 0.0, 1.0, 0.0, 36.0, 28.0, 35.0, 
382.8000257299396
391.8166678071968
422.7726238857209
394.45548186930836
390.20270449951056
391.3197005067789
389.6554472629285
400.73861161686636
390.96957964734395
394.9951823459026
388.6404072855595
400.1896858780764
415.7270401410649
398.4291958507194
399.05890085316605
395.84738096339987
387.88963167694175
386.917545147494
390.2140258249828
398.35531820542843
0.0, 1.0, 0.0, 36.0, 28.0, 35.0, 395.5497578499165
Settings: 1.0, 1.0, 0.0, 78.0, 21.0, 0.0, 
368.52024876443846
376.20572925708666
372.9467502751097
370.5353898030859
373.3078423995957
366.8965363437812
369.6554472629285
376.7462251776577
387.1028439857167
369.01747208421943
373.8965363437812
368.21066872819665
368.3078423995957
377.46706517433086
371.5663846349697
369.85692808818555
374.85364371422617
369.2119057060153
368.84738096339987
375.19127032317283
1.0, 1.0, 0.0, 78.0, 21.0, 0.0, 372.4172055714747
Settings: 0.0, 1.0, 0.0, 80.0, 5.0, 13.0, 
388.9297085779487
396.56822096007295
388.09454234819793
390.7028079518566
393.4732379785964
400.3173277580179
387.3419053058861
386.3432590198011
396.3078423995957
390.195456282122
392.5248011126121
385.8965363437812
391.5260380904308
391.571619935912
385.8965363437812
396.2901340692379
387.0860555739303
393.61603683785637
395.4415491503243
395.75102125572613
0.0, 1.0, 0.0, 80.0, 5.0, 13.0, 391.69373186478435
Settings: 0.0, 1.0, 0.0, 60.0, 39.0, 0.0, 
374.96957964734395
367.3402491758646
365.8965363437812
369.7377748774773
374.6554472629285
369.96957964734395
366.97886395833
368.07389633080345
371.8965363437812
366.8965363437812
366.8965363437812
369.6554472629285
377.2204564569194
366.8965363437812
366.21066872819665
366.8965363437812
367.8965363437812
367.8965363437812
367.72570104009765
374.6554472629285
0.0, 1.0, 0.0, 60.0, 39.0, 0.0, 369.41827012007053
Settings: 1.0, 0.0, 0.0, 54.0, 45.0, 0.0, 
368.6554472629285
368.2942333205641
367.1415765342478
374.71343867560864
371.8965363437812
366.8965363437812
368.10894270862406
373.7257010400976
371.09495788764445
366.8965363437812
369.01747208421943
370.22987844906226
376.38815873971623
369.8497946057266
366.8965363437812
370.69829971036694
374.8349485488763
367.24307550446554
368.7953805580391
367.21066872819665
1.0, 0.0, 0.0, 54.0, 45.0, 0.0, 369.9294059866754
Settings: 0.0, 1.0, 0.0, 47.0, 53.0, 0.0, 
371.8965363437812
366.97886395833
366.97886395833
366.8965363437812
367.3402491758646
374.3078423995957
366.61603683785637
368.6554472629285
375.6554472629285
367.3078423995957
366.8965363437812
366.8965363437812
375.6554472629285
369.6554472629285
366.8965363437812
369.7377748774773
373.21066872819665
371.07664454335713
366.97886395833
368.4423229095562
0.0, 1.0, 0.0, 47.0, 53.0, 0.0, 369.40402222585556
TrailType: Simple Trail Useless
starting cross check
Settings: 5.0, 8.0, 1.0, 21.0, 31.0, 35.0, 
-1.0
-1.0
-1.0
-1.0
-1.0
-1.0
-1.0
-1.0
-1.0
-1.0
-1.0
-1.0
-1.0
-1.0
-1.0
-1.0
-1.0
-1.0
-1.0
-1.0
5.0, 8.0, 1.0, 21.0, 31.0, 35.0, NaN
Settings: 1.0, 14.0, 0.0, 16.0, 39.0, 30.0, 
-1.0
-1.0
-1.0
-1.0
-1.0
-1.0
-1.0
-1.0
-1.0
-1.0
-1.0
-1.0
-1.0
-1.0
-1.0
-1.0
-1.0
-1.0
524.1165420024038
-1.0
1.0, 14.0, 0.0, 16.0, 39.0, 30.0, 524.1165420024038
Settings: 0.0, 14.0, 1.0, 22.0, 40.0, 24.0, 
-1.0
-1.0
-1.0
-1.0
-1.0
603.3856658839386
-1.0
-1.0
-1.0
-1.0
-1.0
-1.0
-1.0
-1.0
-1.0
-1.0
-1.0
-1.0
-1.0
-1.0
0.0, 14.0, 1.0, 22.0, 40.0, 24.0, 603.3856658839386
Settings: 0.0, 13.0, 0.0, 20.0, 27.0, 40.0, 
-1.0
-1.0
-1.0
-1.0
-1.0
-1.0
-1.0
-1.0
-1.0
-1.0
-1.0
-1.0
-1.0
-1.0
-1.0
-1.0
-1.0
-1.0
-1.0
-1.0
0.0, 13.0, 0.0, 20.0, 27.0, 40.0, NaN
Settings: 3.0, 16.0, 9.0, 36.0, 34.0, 2.0, 
666.2427268865698
707.3999626715903
-1.0
709.9616899237808
701.4870204195347
668.4775047020645
673.2751893518484
587.9297256719526
694.2559099814372
698.3555750386256
-1.0
659.6957208128183
586.8346445257275
667.743916795031
-1.0
695.172728847166
678.2671588586973
640.7901356089615
717.6681887657594
605.1361782333682
3.0, 16.0, 9.0, 36.0, 34.0, 2.0, 668.1584692408784
Settings: 1.0, 19.0, 2.0, 27.0, 52.0, 0.0, 
567.7788270703173
-1.0
558.4109835586474
538.5805546702056
-1.0
522.9575244184848
541.7940198300064
539.8563144245312
501.5579230165025
527.47156666945
-1.0
532.1047080197961
530.9742880107651
512.478466749481
549.5644237563286
532.0034053276827
525.5332129697595
508.6899316558672
516.2965925576505
532.7418421742377
1.0, 19.0, 2.0, 27.0, 52.0, 0.0, 531.6937991105714
TrailType: Random Trail Useful
starting cross check
Settings: 6.0, 0.0, 0.0, 28.0, 33.0, 33.0, 
619.8740300254954
685.7381391855048
711.6602824765805
564.0495644986871
695.6261080486655
537.0499588173316
572.2621646385983
634.4328753661725
638.536441509902
628.6957175218103
617.1184156765996
617.4951786757927
642.6728471475788
678.6845542475221
613.9509110318025
708.0963912104398
618.3556513841212
539.3790705594398
616.1891777555007
596.3922642708137
6.0, 0.0, 0.0, 28.0, 33.0, 33.0, 626.812987202418
Settings: 1.0, 2.0, 2.0, 29.0, 52.0, 14.0, 
612.2298125038233
510.7712410956261
704.369533534882
656.5432308637708
584.1741717000738
600.6225568185623
587.129549370243
733.6157539579342
541.0669489498442
608.2283029807395
620.3169176672767
620.1407413877189
587.6265704275509
589.1390301764252
598.4017522908636
703.1506154609451
708.4328059902983
622.7764641482314
675.4450337778699
589.7646669338643
1.0, 2.0, 2.0, 29.0, 52.0, 14.0, 622.6972850018271
Settings: 2.0, 14.0, 0.0, 32.0, 52.0, 0.0, 
515.7856907634912
487.81899674512135
494.4707105527566
500.88367535758
513.2320656806626
495.53402741361003
504.1512655230345
500.1220805671678
512.3896601638257
516.0998263820227
484.0221961333558
525.2072450576477
506.41434853242964
474.4377513705543
509.4885413033784
504.7799535773722
504.6983999009237
497.5170590362564
477.69313001305954
574.1519854468124
2.0, 14.0, 0.0, 32.0, 52.0, 0.0, 504.944930476053
Settings: 7.0, 1.0, 0.0, 27.0, 27.0, 39.0, 
610.1667341498145
611.1756187454348
625.6099054312671
596.285198913284
535.1816655739227
573.127792171127
615.7302898934863
537.6235523226648
553.5191432277766
613.5662231604734
554.7299011721825
548.1324454435832
514.7031320014482
621.8523765622871
539.5202977382846
516.0878561638024
713.7511594656337
516.0737812140637
503.12020685665044
554.1061865349757
7.0, 1.0, 0.0, 27.0, 27.0, 39.0, 572.7031733371081
Settings: 0.0, 1.0, 0.0, 48.0, 51.0, 0.0, 
688.1033400717839
688.1033400717839
693.283342620197
688.1033400717839
688.1033400717839
688.1033400717839
693.1033400717839
686.8344532010877
664.4543542156806
687.8510833835297
699.4067010740038
687.8510833835297
607.1389191528202
684.2174326894532
666.2764559635729
688.1033400717839
688.1033400717839
688.1033400717839
688.1033400717839
688.1033400717839
0.0, 1.0, 0.0, 48.0, 51.0, 0.0, 682.572528323675
Settings: 11.0, 2.0, 0.0, 50.0, 37.0, 0.0, 
513.0222270706712
492.59242154843474
637.2642451079489
488.4419177498695
507.4099760111048
602.7612821355672
506.90922174013565
484.4080403963913
481.87788645029036
502.6823243814289
525.573186532333
583.7724415534618
609.7602637117078
551.5042647608925
453.7902621943319
671.5477386855084
604.4578872444938
501.13574184183165
477.4947594699442
500.6645353727261
11.0, 2.0, 0.0, 50.0, 37.0, 0.0, 534.8535311979538
Map:Dense-Clutter
TrailType: Simple Trail Useful
starting cross check
Settings: 0.0, 1.0, 0.0, 36.0, 28.0, 35.0, 
813.8851776958214
757.8626525162541
735.994595443276
785.8509687272867
814.5375024055229
744.9163908525361
766.0527498924841
752.1175797739897
746.2404845309263
765.2155973253763
701.6565467017483
765.9589524465453
771.1998842421292
782.4013731687719
765.0151983413797
759.8029099388134
755.0224674210394
782.5243204494527
741.3066520207461
735.3392080354072
0.0, 1.0, 0.0, 36.0, 28.0, 35.0, 762.1450605964753
Settings: 1.0, 1.0, 0.0, 78.0, 21.0, 0.0, 
398.12768501052227
395.6719734881501
403.60194489658824
400.776089748693
396.4872084846787
396.5121739112505
396.4872084846787
396.4872084846787
398.799507112684
396.83035423518635
397.75015113614035
395.4872084846787
397.8009636926421
397.48720848467866
425.15490955552315
396.4872084846787
397.4603752696251
397.4872084846787
396.4872084846787
399.94282091947144
1.0, 1.0, 0.0, 78.0, 21.0, 0.0, 399.0663308426952
Settings: 0.0, 1.0, 0.0, 80.0, 5.0, 13.0, 
756.2717793595357
765.1728784972306
777.9404766703567
757.6326914484669
759.2504010105756
782.6481379850745
766.9002691463672
749.0935970838088
763.5616538129955
771.1110657659451
768.6338624735474
756.6104223364378
769.401669309758
771.5066955277339
745.2123591453826
737.6483476399419
742.3998755218288
769.6694847024714
753.5992551041926
769.1904464057747
0.0, 1.0, 0.0, 80.0, 5.0, 13.0, 761.6727684473715
Settings: 0.0, 1.0, 0.0, 60.0, 39.0, 0.0, 
393.4872084846787
387.4872084846787
387.4872084846787
387.4872084846787
393.5121739112505
387.52592596397494
390.799507112684
393.4872084846787
387.4872084846787
396.4872084846787
396.91529814868335
390.94282091947144
390.28389976001506
394.6719734881501
388.4872084846787
395.30249019018595
389.9843098662501
394.4872084846787
396.1149411418696
392.4872084846787
0.0, 1.0, 0.0, 60.0, 39.0, 0.0, 391.74627126746606
Settings: 1.0, 0.0, 0.0, 54.0, 45.0, 0.0, 
393.4872084846787
393.4872084846787
393.4872084846787
394.953459860804
394.4872084846787
394.4872084846787
388.4872084846787
397.0755196924047
397.47946487585983
388.4872084846787
395.83035423518635
394.4872084846787
389.4872084846787
394.9329601832431
394.4872084846787
390.953459860804
396.81176380501546
388.4872084846787
394.4872084846787
395.4872084846787
1.0, 0.0, 0.0, 54.0, 45.0, 0.0, 393.56853464070696
Settings: 0.0, 1.0, 0.0, 47.0, 53.0, 0.0, 
388.4872084846787
394.4872084846787
388.4872084846787
394.6719734881501
389.52592596397494
393.4872084846787
389.52592596397494
394.4872084846787
408.52592596397494
395.6719734881501
388.4872084846787
394.4872084846787
396.48725519365735
389.12768501052227
395.3332557365588
388.4872084846787
396.28389976001506
397.4872084846787
396.4872084846787
397.6719734881501
0.0, 1.0, 0.0, 47.0, 53.0, 0.0, 393.8848939451956
TrailType: Simple Trail Useless
starting cross check
Settings: 5.0, 8.0, 1.0, 21.0, 31.0, 35.0, 
-1.0
-1.0
-1.0
-1.0
-1.0
-1.0
-1.0
-1.0
-1.0
-1.0
-1.0
-1.0
-1.0
-1.0
-1.0
-1.0
-1.0
-1.0
-1.0
-1.0
5.0, 8.0, 1.0, 21.0, 31.0, 35.0, NaN
Settings: 1.0, 14.0, 0.0, 16.0, 39.0, 30.0, 
-1.0
-1.0
-1.0
-1.0
-1.0
-1.0
-1.0
-1.0
-1.0
-1.0
-1.0
-1.0
-1.0
-1.0
-1.0
-1.0
-1.0
-1.0
-1.0
-1.0
1.0, 14.0, 0.0, 16.0, 39.0, 30.0, NaN
Settings: 0.0, 14.0, 1.0, 22.0, 40.0, 24.0, 
-1.0
-1.0
-1.0
-1.0
-1.0
-1.0
-1.0
-1.0
-1.0
-1.0
-1.0
-1.0
-1.0
-1.0
-1.0
-1.0
-1.0
-1.0
-1.0
-1.0
0.0, 14.0, 1.0, 22.0, 40.0, 24.0, NaN
Settings: 0.0, 13.0, 0.0, 20.0, 27.0, 40.0, 
-1.0
-1.0
-1.0
-1.0
-1.0
-1.0
-1.0
-1.0
-1.0
-1.0
-1.0
-1.0
-1.0
-1.0
-1.0
-1.0
-1.0
-1.0
-1.0
-1.0
0.0, 13.0, 0.0, 20.0, 27.0, 40.0, NaN
Settings: 3.0, 16.0, 9.0, 36.0, 34.0, 2.0, 
-1.0
-1.0
-1.0
-1.0
-1.0
-1.0
-1.0
-1.0
-1.0
-1.0
-1.0
-1.0
-1.0
-1.0
-1.0
-1.0
-1.0
-1.0
-1.0
-1.0
3.0, 16.0, 9.0, 36.0, 34.0, 2.0, NaN
Settings: 1.0, 19.0, 2.0, 27.0, 52.0, 0.0, 
-1.0
-1.0
-1.0
-1.0
-1.0
-1.0
-1.0
-1.0
-1.0
-1.0
-1.0
-1.0
-1.0
-1.0
-1.0
-1.0
-1.0
-1.0
-1.0
-1.0
1.0, 19.0, 2.0, 27.0, 52.0, 0.0, NaN
TrailType: Random Trail Useful
starting cross check
Settings: 6.0, 0.0, 0.0, 28.0, 33.0, 33.0, 
1056.9271004521129
1079.6687045986869
1066.2368313908958
1074.1947237500453
1053.9457149396999
1095.421664038975
1076.1861967377467
1108.5209668029906
1069.9233261509937
1105.4099953257428
1334.2040770581566
1096.112305663699
1065.9364255571859
1050.235307987703
1015.9006144400453
1078.7274745382153
1070.8947574108543
1088.2388636751157
1081.1105872493213
1044.711904687289
6.0, 0.0, 0.0, 28.0, 33.0, 33.0, 1085.6253771227737
Settings: 1.0, 2.0, 2.0, 29.0, 52.0, 14.0, 
1051.4217686369705
1074.5948049194844
1058.1520833363597
1058.7115618846676
1095.5765489668001
1045.5304649655052
1076.9291418667817
1043.4670916610305
1049.1895421885329
1064.7496529429266
1064.8398903795949
1011.3389471612567
1098.50979242335
1096.1579392132307
1049.3197121621652
1044.3472641315127
1072.626801952375
1075.424546009427
1054.3612564094794
1107.3150401103285
1.0, 2.0, 2.0, 29.0, 52.0, 14.0, 1064.628192566089
Settings: 2.0, 14.0, 0.0, 32.0, 52.0, 0.0, 
774.5492381609808
798.5183411725544
775.9454464473426
778.6693687163848
795.6117265136116
768.588743868084
801.0959520413641
783.6489784990907
810.6385152271667
806.8996798078241
789.9604510921109
773.7821434963315
780.3533196282351
792.3731130482175
801.9107347601345
809.3604683032252
777.7005270813175
808.7297394430055
813.3119734843029
810.7143830249869
2.0, 14.0, 0.0, 32.0, 52.0, 0.0, 792.6181421908135
Settings: 7.0, 1.0, 0.0, 27.0, 27.0, 39.0, 
1113.636606202616
1086.8513644209115
1142.5558504862497
1139.2851585055128
1110.9404157403158
1082.480599251216
1142.874140310739
1129.5544210654168
1195.2991961568612
1117.0876248569675
1124.695419070089
1124.2114081064217
1156.8228922946878
1115.5770067994558
1147.3883417174372
1154.3720700808308
1160.1664846404337
1111.1668782914344
1115.6820316242824
1133.2915755125646
7.0, 1.0, 0.0, 27.0, 27.0, 39.0, 1130.1969742567221
Settings: 0.0, 1.0, 0.0, 48.0, 51.0, 0.0, 
653.3973804612859
653.3973804612859
647.3973804612859
653.3973804612859
653.3973804612859
652.3973804612859
646.3973804612859
654.3973804612859
652.3973804612859
652.3973804612859
648.3973804612859
646.3973804612859
650.3973804612859
652.3973804612859
647.3973804612859
652.3973804612859
652.3973804612859
652.3973804612859
652.3973804612859
652.3973804612859
0.0, 1.0, 0.0, 48.0, 51.0, 0.0, 651.2973804612857
Settings: 11.0, 2.0, 0.0, 50.0, 37.0, 0.0, 
778.7789838329436
753.3677456875419
767.5240599900463
771.5616523250562
756.5405403674613
762.2326316698068
785.8319529803885
761.052036948155
771.1009249015294
761.4902971927766
764.2902736372424
760.5189238049813
738.8541980210387
743.4690255780479
779.9105830783851
782.9573196474872
764.1793914428748
753.5157989330593
761.5194943379878
781.8311401869624
11.0, 2.0, 0.0, 50.0, 37.0, 0.0, 765.0263487281886
Map:Zig-Zag
TrailType: Simple Trail Useful
starting cross check
Settings: 0.0, 1.0, 0.0, 36.0, 28.0, 35.0, 
1293.1484251526977
1280.7309059243255
1270.5041378400624
1285.9084070375625
1289.8274920851827
1281.7724211367126
1278.2891290258824
1278.2706567839762
1281.2279531796432
1278.5002425112941
1276.2588930469046
1287.8818497364657
1271.3800956986702
1285.6087797340067
1280.0107112399642
1289.4110405783053
1290.0770623067085
1285.6721604812506
1285.5440603265415
1295.206206129292
0.0, 1.0, 0.0, 36.0, 28.0, 35.0, 1283.2615314977725
Settings: 1.0, 1.0, 0.0, 78.0, 21.0, 0.0, 
1247.1584032700125
1251.5171526358818
1247.6625872451796
1244.6247379106374
1241.9088295965237
1246.8753302574528
1247.2025795454742
1250.7433283831974
1250.771474130635
1247.1455347823326
1249.844892353721
1248.4982106835396
1247.40486480701
1248.847499009196
1253.4098253797456
1243.5874675667044
1250.313310807731
1241.4529501113113
1251.0515845427235
1239.4760374879406
1.0, 1.0, 0.0, 78.0, 21.0, 0.0, 1247.4748300253475
Settings: 0.0, 1.0, 0.0, 80.0, 5.0, 13.0, 
1283.724296130025
1299.6672383293503
1270.1813903539855
1298.8597749375376
1297.228099395776
1288.8563715400635
1280.4709849891135
1282.990480325432
1276.334591582094
1289.391151361108
1283.3299532091023
1281.626542368033
1278.6061894164266
1273.3524110544513
1268.3142276327067
1283.0047577809385
1272.5649323456214
1284.6273271766506
1290.3947363350019
1285.114495238979
0.0, 1.0, 0.0, 80.0, 5.0, 13.0, 1283.4319975751198
Settings: 0.0, 1.0, 0.0, 60.0, 39.0, 0.0, 
1240.1019071298695
1245.3369059997979
1236.872210070753
1245.8812611233336
1245.5517421571005
1239.9767596641764
1238.0818937918177
1243.7474265456958
1239.4760374879406
1236.7422592644944
1247.4327938674073
1241.4327938674073
1240.4935653941689
1242.2509418969723
1240.390240908202
1244.5802558333387
1245.093534452081
1244.313310807731
1238.0818937918177
1245.4641435505343
0.0, 1.0, 0.0, 60.0, 39.0, 0.0, 1242.0650938802319
Settings: 1.0, 0.0, 0.0, 54.0, 45.0, 0.0, 
1241.1894155661273
1238.1344520585844
1250.45173853362
1238.0792384131346
1239.241691980992
1242.1686142824235
1236.1686142824235
1238.856866939403
1249.0062676033708
1240.5267924080279
1241.3687590694085
1238.0967398486678
1247.2587795831962
1237.999566177269
1241.7459769329384
1247.4361386698845
1240.320045259552
1247.3779104224077
1244.3393793147995
1240.1492099558686
1.0, 0.0, 0.0, 54.0, 45.0, 0.0, 1241.995809865105
Settings: 0.0, 1.0, 0.0, 47.0, 53.0, 0.0, 
1239.612063802962
1244.4760374879406
1238.764954451924
1236.8901257835619
1245.801394285893
1239.2318950481808
1240.3276403740947
1246.8988541759268
1238.4760374879406
1239.4367304043392
1243.4992764356607
1239.7206008169887
1243.5802558333387
1244.4760374879406
1242.1654498847474
1240.390240908202
1246.5350595939267
1242.6391987181878
1239.4760374879406
1243.999566177269
0.0, 1.0, 0.0, 47.0, 53.0, 0.0, 1241.8198728323482
TrailType: Simple Trail Useless
starting cross check
Settings: 5.0, 8.0, 1.0, 21.0, 31.0, 35.0, 
-1.0
-1.0
-1.0
-1.0
-1.0
-1.0
-1.0
-1.0
-1.0
-1.0
-1.0
-1.0
-1.0
-1.0
-1.0
-1.0
-1.0
-1.0
-1.0
-1.0
5.0, 8.0, 1.0, 21.0, 31.0, 35.0, NaN
Settings: 1.0, 14.0, 0.0, 16.0, 39.0, 30.0, 
-1.0
-1.0
-1.0
-1.0
-1.0
-1.0
-1.0
-1.0
-1.0
-1.0
-1.0
-1.0
-1.0
-1.0
-1.0
-1.0
-1.0
-1.0
-1.0
-1.0
1.0, 14.0, 0.0, 16.0, 39.0, 30.0, NaN
Settings: 0.0, 14.0, 1.0, 22.0, 40.0, 24.0, 
-1.0
-1.0
-1.0
-1.0
-1.0
-1.0
-1.0
-1.0
-1.0
-1.0
-1.0
-1.0
-1.0
-1.0
-1.0
-1.0
-1.0
-1.0
-1.0
-1.0
0.0, 14.0, 1.0, 22.0, 40.0, 24.0, NaN
Settings: 0.0, 13.0, 0.0, 20.0, 27.0, 40.0, 
-1.0
-1.0
-1.0
-1.0
-1.0
-1.0
-1.0
-1.0
-1.0
-1.0
-1.0
-1.0
-1.0
-1.0
-1.0
-1.0
-1.0
-1.0
-1.0
-1.0
0.0, 13.0, 0.0, 20.0, 27.0, 40.0, NaN
Settings: 3.0, 16.0, 9.0, 36.0, 34.0, 2.0, 
-1.0
-1.0
-1.0
-1.0
-1.0
-1.0
-1.0
-1.0
-1.0
1641.1361477287603
-1.0
-1.0
-1.0
1678.7027740445542
1635.437782625084
1604.0648890834254
-1.0
1663.6451221578707
1621.1656101610101
-1.0
3.0, 16.0, 9.0, 36.0, 34.0, 2.0, 1640.6920543001172
Settings: 1.0, 19.0, 2.0, 27.0, 52.0, 0.0, 
-1.0
-1.0
-1.0
-1.0
-1.0
-1.0
-1.0
1563.049554111864
-1.0
-1.0
-1.0
-1.0
-1.0
-1.0
1548.0287505155586
-1.0
-1.0
-1.0
-1.0
-1.0
1.0, 19.0, 2.0, 27.0, 52.0, 0.0, 1555.5391523137114
TrailType: Random Trail Useful
starting cross check
Settings: 6.0, 0.0, 0.0, 28.0, 33.0, 33.0, 
1891.2745245492486
1883.6882277670888
1918.7638327153172
1805.0802518257785
1821.4244222362795
1821.1869477085074
1894.6714591336854
1846.7591514948513
1725.342955155503
1903.6407658827618
1881.1489673597234
1846.2994750673054
1861.6415577973187
1871.1838751783407
1840.4076883313085
1842.0216036921963
1835.8149000685428
1916.5886840174996
1884.7067663483751
1857.7880154178804
6.0, 0.0, 0.0, 28.0, 33.0, 33.0, 1857.4717035873757
Settings: 1.0, 2.0, 2.0, 29.0, 52.0, 14.0, 
1892.3181145741598
1851.0953793235524
1836.5369289710725
1887.51779506048
1838.5576955142046
1798.0165685573854
1884.5936318022734
1816.113460954805
1889.114787718989
1828.0831154755379
1884.5786950058316
1909.2021590817244
1837.3563743247116
1880.2932919490452
1775.837605996383
1922.932505685834
1855.1414771762243
1819.6927034477583
1854.7593783428981
1864.9812588046193
1.0, 2.0, 2.0, 29.0, 52.0, 14.0, 1856.3361463883743
Settings: 2.0, 14.0, 0.0, 32.0, 52.0, 0.0, 
1866.957910836356
1843.3318405948432
1711.7837602713048
1785.9066284337669
1748.6425657899301
1782.2391552849056
1651.2828905715687
1845.1265305723527
1628.0132632238074
1865.8665875941213
1867.341072033123
1867.7678427083367
1658.1258454439521
1602.1234339618009
1673.8049893009938
1642.0712907540506
1856.0340007847715
1720.9603165282958
1612.3567044872837
1689.8427106950905
2.0, 14.0, 0.0, 32.0, 52.0, 0.0, 1745.978966993533
Settings: 7.0, 1.0, 0.0, 27.0, 27.0, 39.0, 
1768.287038446827
1738.5271958065798
1833.1413033456618
1758.9295866314728
1698.6173791227106
1776.9217627398978
1748.7448800784443
1797.8367598289988
1842.7737744518392
1757.7114110800137
1783.4082167376243
1801.320132227774
1862.2007546469451
1861.348840341572
1820.0831866252927
1745.1912646241344
1780.810533599921
1744.6861737974602
1683.566664887518
1712.1109876306425
7.0, 1.0, 0.0, 27.0, 27.0, 39.0, 1775.8108923325667
Settings: 0.0, 1.0, 0.0, 48.0, 51.0, 0.0, 
2056.563177826237
2050.563177826237
2039.2008378602961
2057.240188141697
2030.445893753204
2030.8117500764088
2061.3166452914834
2029.5965050498983
2029.5965050498983
2056.563177826237
2059.563177826237
2057.113371901001
2046.3893368544425
2053.240188141697
2050.563177826237
2060.3166452914834
2056.563177826237
2034.662861808344
2050.563177826237
2026.9766529751557
0.0, 1.0, 0.0, 48.0, 51.0, 0.0, 2046.8924813489334
Settings: 11.0, 2.0, 0.0, 50.0, 37.0, 0.0, 
1763.782515397487
1767.5164989701852
1783.0104849882684
1755.0676360433117
1761.2418129805742
1665.63451446958
1786.238303742095
1851.3614925199352
1690.0374354211124
1677.793775473046
1720.4823069368006
1786.8891374994228
1778.5874074881128
1709.0758217056323
1743.1938606613278
1843.0711516439685
1820.4759094866238
1750.1751124752473
1796.2105514317418
1748.6520959267373
11.0, 2.0, 0.0, 50.0, 37.0, 0.0, 1759.9248912630605
